0.000000000000000000e+00 0.000000000000000000e+00
5.525081567053724328e-06 -8.511625224459516199e-06
-3.393550415405602806e-06 -2.712403932527461409e-05
-2.739441807129281404e-05 -5.183276039122764552e-05
-2.551169228925901709e-05 -6.202264618003388891e-05
-1.731862309597346458e-05 -1.087761807932565762e-04
-4.783408696554978200e-05 -1.488978971951092974e-04
-7.837195604156507300e-05 -2.144194236327128206e-04
-1.061100849602995637e-04 -3.097397513802172789e-04
-9.495961638117581915e-05 -4.049107297492711812e-04
-7.064579155256962319e-05 -4.996944312939519042e-04
-3.326232307018645571e-05 -5.938538967603977994e-04
4.308417717020999039e-05 -6.871537274849426466e-04
1.421457600281575851e-04 -7.793606738907752057e-04
2.663469703179712498e-04 -8.702442186118808203e-04
3.905073131819900055e-04 -9.595771527864567496e-04
5.143163877630537763e-04 -1.047136144079066546e-03
6.374646713747098622e-04 -1.132702295011478542e-03
7.596442933079292342e-04 -1.216061690206361951e-03
8.805498045078787202e-04 -1.297005931175729352e-03
9.998789411965584590e-04 -1.375332657317157462e-03
1.117333380532246857e-03 -1.450846051815292718e-03
1.232619486416604597e-03 -1.523357331183889697e-03
1.345449043584920909e-03 -1.592685217224526929e-03
1.455539978144274830e-03 -1.658656390222102784e-03
1.562617062758268069e-03 -1.721105922244123418e-03
1.666412604715365601e-03 -1.779877689460533825e-03
1.766667115160674810e-03 -1.834824762453292867e-03
1.863129957818082270e-03 -1.885809773539918761e-03
1.955559975580944531e-03 -1.932705260192694703e-03
2.043726093404854647e-03 -1.975393983694988947e-03
2.127407895995252381e-03 -2.013769222238045564e-03
2.206396178845662030e-03 -2.047735037725507360e-03
2.280493471248957581e-03 -2.077206515618655255e-03
2.349514529974130583e-03 -2.102109977222756717e-03
2.413286802374368500e-03 -2.122383163883801317e-03
2.471650857768670478e-03 -2.137975392635136068e-03
2.524460786018550666e-03 -2.148847682904882987e-03
2.571584562303384433e-03 -2.154972853967367964e-03
2.612904377182459839e-03 -2.156335592894934212e-03
2.648316931118578892e-03 -2.152932492840263154e-03
2.677733692726901732e-03 -2.144772061553491555e-03
2.701081120103407396e-03 -2.131874700112836377e-03
2.718300844679654230e-03 -2.114272651921898782e-03
2.729349817144201967e-03 -2.092009922101156424e-03
2.734200415065889209e-03 -2.065142167475161189e-03
2.732840511949911986e-03 -2.033736557430478042e-03
2.725273507554059824e-03 -1.997871605992219100e-03
2.711518319389322716e-03 -1.957636975538979470e-03
2.691609335426111988e-03 -1.913133252646892360e-03
2.665596328124335973e-03 -1.864471696623187878e-03
2.633544330002249301e-03 -1.811773961357925587e-03
2.595533471055156815e-03 -1.755171791189268429e-03
2.551658778430426506e-03 -1.694806691542638131e-03
2.502029938859620054e-03 -1.630829575167151192e-03
2.446771024441664766e-03 -1.563400384853746473e-03
2.386020182462605336e-03 -1.492687693578207374e-03
2.319929290027389346e-03 -1.418868283068722754e-03
2.248663574367104796e-03 -1.342126701851566357e-03
2.172401199770902531e-03 -1.262654803879780874e-03
2.091332822175273175e-03 -1.180651268898296000e-03
2.005661112524205394e-03 -1.096321105744565375e-03
1.915600250091827180e-03 -1.009875139826473239e-03
1.821375387034219421e-03 -9.215294860588150831e-04
1.723222085509026023e-03 -8.315050085760098721e-04
1.621385728770060068e-03 -7.400267685717645729e-04
1.516120907709169038e-03 -6.473234616460898407e-04
1.407690784379004960e-03 -5.536268460662999071e-04
1.296366434087893420e-03 -4.591711633713442564e-04
1.182426167711562179e-03 -3.641925527679602554e-04
1.066154835915952056e-03 -2.689284607826563180e-04
9.478431170305519956e-04 -1.736170476453957547e-04
8.277867903525755466e-04 -7.963847584626114256e-05
7.062859966987176637e-04 3.633355888631888998e-06
5.836444880531130308e-04 9.552782191662847545e-05
4.601688681873755639e-04 1.809388234969200500e-04
3.361678261511696734e-04 2.419754693622004323e-04
2.119513645495858757e-04 2.961988357166105645e-04
6.665104081233794793e-05 3.503067049817291793e-04
-6.136207977987197162e-05 4.041638074843935044e-04
-1.956471729461739485e-04 4.576355004683468506e-04
-3.583610171870558895e-04 5.105881047011292476e-04
-5.208039588849701449e-04 5.628892386721588703e-04
-6.825698906856719761e-04 6.144081495465080877e-04
-8.432543977596597233e-04 6.650160400469910501e-04
-1.002455768839248312e-03 7.145863904473565400e-04
-1.159776000496738667e-03 7.629952748716035960e-04
-1.314821792152987175e-03 8.101216711086716912e-04
-1.467205529328853390e-03 8.558477631679681317e-04
-1.616546252681397462e-03 9.000592358193446659e-04
-1.762470610402237792e-03 9.426455603811727648e-04
-1.904613791597072709e-03 9.835002710420479629e-04
-2.042620438312914809e-03 1.022521231025317993e-03
-2.176145533932974645e-03 1.059610887931024823e-03
-2.304855265718201967e-03 1.094676517616904139e-03
-2.428427859339134069e-03 1.127630456008741093e-03
-2.546554383311718222e-03 1.158390318260556174e-03
-2.658939521326023070e-03 1.186879204716719980e-03
-2.765302310537012635e-03 1.213025893161091915e-03
-2.865376843971659693e-03 1.236765016872561204e-03
-2.958912935296377847e-03 1.258037228041848903e-03
-3.045676744282855165e-03 1.276789346141032032e-03
-3.125451361408625259e-03 1.292974490874862579e-03
-3.198037350130873875e-03 1.306552199381505984e-03
-3.263253245477795023e-03 1.317488527389695623e-03
-3.320936007711021952e-03 1.325756134079410968e-03
-3.370941429924971186e-03 1.331334350433927959e-03
-3.413144498564107867e-03 1.334209230912360026e-03
-3.447439705956834282e-03 1.334373588313511215e-03
-3.473741314084668672e-03 1.331827011743878710e-03
-3.491983568927291282e-03 1.326575867644886469e-03
-3.502120864847595941e-03 1.318633283876781935e-03
-3.504127858605781635e-03 1.308019116898985392e-03
-3.497999532717452516e-03 1.294759902128941355e-03
-3.483751207997330072e-03 1.278888787603574967e-03
-3.461418505257214066e-03 1.260445451109199703e-03
-3.431057256253955065e-03 1.239476000987051576e-03
-3.392743364110061260e-03 1.216032860862435727e-03
-3.346572613555892205e-03 1.190174638585663738e-03
-3.292660431467833455e-03 1.161965979712427550e-03
