0.000000000000000000e+00 0.000000000000000000e+00
-6.945964123424512148e-04 -9.377804537721581510e-05
-5.644116063141444567e-03 2.452450544543333718e-03
-1.783761826105508680e-02 6.235773493667975433e-03
-3.643696731081997459e-02 9.180710657651322201e-03
-6.143894207513093952e-02 9.772249344948625432e-03
-9.282965037382523432e-02 1.183073624358481520e-02
-1.305845521375161578e-01 1.349296227837069699e-02
-1.746685003077086684e-01 1.376532794962882431e-02
-2.250357994152302199e-01 1.460616862319301726e-02
-2.816302817393460667e-01 1.603052638401881655e-02
-3.443854009206270828e-01 1.777767761479851633e-02
-4.132243428715489664e-01 1.819965723424941603e-02
-4.880601537999713080e-01 1.690282519095050867e-02
-5.687958851321244236e-01 1.190782767425965782e-02
-6.553247550935659138e-01 2.958839358048612894e-03
-7.475303266788044798e-01 -6.225195109538284033e-03
-8.452867017129758187e-01 -1.545639822047328513e-02
-9.484587306821340436e-01 -2.246871353696872770e-02
-1.056902237982441761e+00 -2.866916389874105131e-02
-1.170464262212842943e+00 -3.315382835220853641e-02
-1.288983311110731167e+00 -3.463768733392216803e-02
-1.412289630705721111e+00 -3.023543306724783136e-02
-1.540205488242932352e+00 -2.050652778305860763e-02
-1.672545468404247337e+00 -5.371020494907509726e-03
-1.809116782333841433e+00 1.531727249455267816e-02
-1.949719588952943283e+00 4.155164847478397261e-02
-2.094147328028298727e+00 7.331616126359709329e-02
-2.242187064439226774e+00 1.105856477841218044e-01
-2.393619843069486830e+00 1.533257700032683302e-01
-2.548221053732472985e+00 2.014930721617825271e-01
-2.705760805521524759e+00 2.550350532005113413e-01
-2.866004309961438068e+00 3.138902542621679892e-01
-3.028712272322590771e+00 3.779883611227607965e-01
-3.193641290445492054e+00 4.472503213819666312e-01
-3.360544260411048700e+00 5.215884762171312250e-01
-3.529170788380428636e+00 6.009067064813070624e-01
-3.699267607918127698e+00 6.851005929018315621e-01
-3.870579002102693789e+00 7.740575901124484570e-01
-4.042847229721597380e+00 8.676572142289176170e-01
-4.215812954839917914e+00 9.657712436554894975e-01
-4.389215679026902350e+00 1.068263932787564263e+00
-4.562794175520017426e+00 1.174992238254366272e+00
-4.736286924602885584e+00 1.285806057324561991e+00
-4.909432549471479668e+00 1.400548478077478620e+00
-5.081970251862129473e+00 1.519056040922972750e+00
-5.253640246715296058e+00 1.641159011034079462e+00
-5.424184195150667520e+00 1.766681661238391321e+00
-5.593345635031963248e+00 1.895442564896679061e+00
-5.760870408403825138e+00 2.027254898280623330e+00
-5.926507085088411841e+00 2.161926751945695280e+00
-6.090007381735692782e+00 2.299261450580230903e+00
-6.251126575629034399e+00 2.439057880797617095e+00
-6.409623912556391190e+00 2.581110826325268892e+00
-6.565263008067329764e+00 2.725211310031752099e+00
-6.717812241447108867e+00 2.871146942221999954e+00
-6.867045141751206394e+00 3.018702274620139736e+00
-7.012740765256894271e+00 3.167659159449952355e+00
-7.154684063702773322e+00 3.317797113014499200e+00
-7.292666242702545709e+00 3.468893683168950748e+00
-7.426485109735655676e+00 3.620724820074160188e+00
-7.555945411134826095e+00 3.773065249613063887e+00
-7.680859157508835189e+00 3.925688848847541212e+00
-7.801045937058171731e+00 4.078369022889979156e+00
-7.916333216261364214e+00 4.230879082561417981e+00
-8.026556627430851520e+00 4.382992622206849376e+00
-8.131560242659130466e+00 4.534483897037976163e+00
-8.231196833698597004e+00 4.685128199374523739e+00
-8.325328117341962653e+00 4.834702233157042173e+00
-8.413824985894267527e+00 4.982984486107005395e+00
-8.496567722352368790e+00 5.129755598913941839e+00
-8.573446199933279388e+00 5.274798730834283411e+00
-8.644360065618808875e+00 5.417899921092607762e+00
-8.709218907410594568e+00 5.558848445482929002e+00
-8.767942405016759366e+00 5.697437167575706951e+00
-8.820460463719070887e+00 5.833462883945231603e+00
-8.866713331197471959e+00 5.966726662841998596e+00
-8.906651697117274225e+00 6.097034175745624118e+00
-8.940236775313055162e+00 6.224196021245713695e+00
-8.967440368432267661e+00 6.348028040710878450e+00
-8.988244914930824336e+00 6.468351625219786349e+00
-9.002643518342338780e+00 6.584994013242701172e+00
-9.011416755766074260e+00 6.697788578577362983e+00
-9.014356587791386488e+00 6.806575108059323753e+00
-9.011060615036873500e+00 6.911200068583892353e+00
-8.994681016462861223e+00 7.011516862994638721e+00
-8.962664858208819751e+00 7.107386074411989441e+00
-8.915037722760729366e+00 7.198675698594693806e+00
-8.851851210899891242e+00 7.285261363946890611e+00
-8.773182855701628924e+00 7.367026538804104518e+00
-8.679135993313495945e+00 7.443862725652684809e+00
-8.569839590728360434e+00 7.515669641958995228e+00
-8.445448030839420639e+00 7.582355387306969341e+00
-8.306140855135380363e+00 7.643836596565471098e+00
-8.152122464464635954e+00 7.700038578830182168e+00
-7.983621778367193222e+00 7.750895441908437711e+00
-7.800891853542103682e+00 7.796350202139552543e+00
-7.604209462086297222e+00 7.836354879367585902e+00
-7.393874630207756482e+00 7.870870576908268745e+00
